"Adriatic Sea" () (3,5,32,71,77)
"Aegean Sea" () (18,21,23,29,32,61)
"Albania" (29,57,71) (1,29,32,71)
"Ankara" (6,21,61) (6,11,21)
"Apulia" (45,54,77) (1,32,45,77)
"Armenia" (4,58,61,70) (4,11,58)
"Baltic Sea" () (10,13,22,36,34,53,68)
"Barents Sea" () (48,47,66)
"Belgium" (19,31,50,55) (25,31,46,50)
"Berlin" (34,42,53,59) (7,34,53)
"Black Sea" () (4,6,17,21,56,58)
"Bohemia" (27,42,59,74,78) ()
"Gulf of Bothnia" () (7,26,36,67,68)
"Brest" (28,49,50) (25,28,39,50)
"Budapest" (27,56,57,71,78) ()
"Bulgaria" (21,29,56,57) (2,11,21,29,56)
"Bulgaria (east coast)" (21,56) (11,21,56)
"Bulgaria (south coast)" (21,29) (2,21,29)
"Burgundy" (9,28,55,40,42,49,50,69) ()
"Clyde" (24,37) (24,37,44,47)
"Constantinople" (17,18,4,61) (2,17,18,11,4,61)
"Denmark" (34,68) (7,30,34,46,60,68)
"Eastern Mediterranean" () (2,32,61,70)
"Edinburgh" (20,37,82) (20,46,47,82)
"English Channel" () (9,14,33,35,39,46,50,79)
"Finland" (48,67,68) (13,67,68)
"Galicia" (12,15,56,59,76,78,80) ()
"Gascony" (19,14,40,49,63) (14,39,63)
"Greece" (3,18,57) (2,3,18,32)
"Helgoland Bight" () (22,31,34,46)
"Holland" (9,34,55) (9,30,34,46)
"Ionian Sea" () (1,2,3,5,23,29,45,72,75)
"Irish Sea" () (25,37,39,44,79)
"Kiel" (10,22,31,42,55) (7,10,22,30,31)
"London" (82,79) (25,46,82,79)
"Livonia" (41,53,67,80) (7,13,53,67)
"Liverpool" (20,24,79,82) (20,33,44,79)
"Gulf of Lyon" () (40,51,64,73,75,81)
"Mid-Atlantic Ocean" () (14,25,28,33,43,44,52,63,64,81)
"Marseilles" (19,28,51,64,69) (38,51,64,69)
"Moscow" (36,58,65,76,80) ()
"Munich" (10,12,19,34,55,59,74,69) ()
"North Africa" (72) (39,72,81)
"North Atlantic Ocean" () (20,33,37,39,47)
"Naples" (5,54) (5,32,54,75)
"North Sea" () (9,22,24,25,35,30,31,48,47,60,82)
"Norwegian Sea" () (8,20,24,44,48,46)
"Norway" (26,66,68) (8,46,47,60,66,68)
"Paris" (19,14,28,50) ()
"Picardy" (9,14,19,49) (9,14,25)
"Piedmont" (40,73,74,77,69) (38,40,73,69)
"Portugal" (63,64) (39,63,64)
"Prussia" (10,36,59,80) (7,10,36)
"Rome" (5,45,73,77) (45,73,75)
"Ruhr" (9,19,31,34,42) ()
"Rumania" (15,17,27,57,58,76) (11,17,58)
"Serbia" (3,15,16,29,56,71) ()
"Sevastopol" (6,41,56,76) (6,11,56)
"Silesia" (10,12,27,42,53,80) ()
"Skagerrak" () (22,48,46,68)
"Smyrna" (4,6,21,70) (2,21,23,70)
"Spain" (28,40,52) (28,38,39,40,52,81)
"Spain (north coast)" (28,52) (28,39,52)
"Spain (south coast)" (40,52) (38,39,40,52,81)
"St Petersburg" (26,36,41,48) (8,13,26,36,48)
"St Petersburg (north coast)" (48) (8,48)
"St Petersburg (south coast)" (26,36) (13,26,36)
"Sweden" (22,26,48) (7,13,22,26,48,60)
"Switzerland" (40,19,42,74,51) (40,51)
"Syria" (6,61) (23,61)
"Trieste" (3,15,57,74,77,78) (1,3,77)
"Tunis" (43) (32,43,75,81)
"Tuscany" (51,54,77) (38,51,54,75)
"Tyrolia" (12,42,51,71,77,78,69) ()
"Tyrrhenian Sea" () (32,38,54,45,72,73,81)
"Ukraine" (27,41,56,58,80) ()
"Venice" (5,51,54,71,73,74) (1,5,71)
"Vienna" (12,15,27,71,74) ()
"Wales" (35,37,82) (25,33,35,37)
"Warsaw" (27,36,41,53,59,76) ()
"Western Mediterranean" () (39,38,43,64,72,75)
"Yorkshire" (24,35,37,79) (24,35,46)

